phoneasint
------------
303456789
57890123
51234567
1714567890
921678901
62167890
67890123
913456789
23456789
6049012345
1717890123
18901234
54567890
452678901
110123456
1712345678
241789012
89012345
1713456789
12345678
114567890
918901234
45678901
695678901
898901234
34567890
112345678
14567890
937890123
959012345
115678901
5035550122
27890123
217890123
55678901
5035550126
8901234
1985678901
55534567
12345678
90123456
6045678901
5095550119
697890123
4155550118
97890123
8012345
5035550117
35345678
28901234
5143456789
34212345
1718901234
11234567
9075550115
2210123456
189012345
58901234
45678901
17890123
216789012
119012345
37212345
12345678
5055550125
522012345
213456789
897012345
915678901
7890123
2085550116
1719012345
12345678
123456789
3075550114
7156789012
5035550120
4065550121
251456789
56789012
111234567
2065550124
23456789
78901234
56789012
711345678
981123456
142345678
2065550123
900123456
262345678